31.2718754763741,2487,834
31.7355336974781,2490,834
31.9676646688511,2495,834
35.095848357198,2504,833
32.6761320158115,2521,830
34.1664188892427,2537,827
34.5271425703751,2559,818
32.101389012568,2568,815
32.0274331114153,2570,815
156.649163770061,2570,813
20.9844586956292,left,2570,813
86.5812299922875,up,left,2570,813
63.2769708870331,2567,817
31.9863800397551,2565,821
34.990197069837,2565,832
33.6239749938496,2565,840
31.9791353800503,2565,842
31.9112166953183,2565,844
31.3259085633387,2565,845
30.9977858508777,left,2565,845
76.1691446924567,up,left,2565,845
